        6
        6
        6
        6
        6
        6
        6
        6
        6
        6
        6
        6
        6
        6
        6
        6
        6
-0.957669
-0.957669
-0.957669
-0.957669
-0.957669
-0.957669
        6
        6
        6
        6
        6
        6
        6
        6
        6
        6
        6
        6
        6
        6
        6
        6
        6
        6
        6
        6
        6
        6
        6
        6
        6
        6
        6
        6
        6
        6
        6
        6
        6
        6
        6
        6
        6