42.0000 436.0000
56.0000 445.0000
60.0000 448.0000
69.0000 453.0000
74.0000 456.0000
82.0000 462.0000
87.0000 468.0000
94.0000 476.0000
99.0000 485.0000
102.0000 494.0000
106.0000 503.0000
108.0000 509.0000
114.0000 523.0000
120.0000 533.0000
123.0000 539.0000
127.0000 550.0000
132.0000 558.0000
135.0000 565.0000
138.0000 573.0000
140.0000 578.0000
148.0000 591.0000
150.0000 600.0000
154.0000 611.0000
156.0000 623.0000
157.0000 633.0000
161.0000 644.0000
163.0000 650.0000
166.0000 658.0000
169.0000 666.0000
171.0000 670.0000
174.0000 676.0000
176.0000 681.0000
180.0000 690.0000
185.0000 699.0000
189.0000 707.0000
197.0000 722.0000
201.0000 732.0000
206.0000 741.0000
209.0000 749.0000
212.0000 753.0000
223.0000 766.0000
232.0000 775.0000
239.0000 782.0000
254.0000 797.0000
262.0000 802.0000
271.0000 808.0000
285.0000 819.0000
296.0000 822.0000
316.0000 825.0000
328.0000 824.0000
350.0000 825.0000
362.0000 824.0000
388.0000 822.0000
401.0000 820.0000
408.0000 817.0000
421.0000 810.0000
428.0000 806.0000
443.0000 796.0000
451.0000 792.0000
455.0000 790.0000
467.0000 782.0000
483.0000 769.0000
491.0000 763.0000
500.0000 753.0000
505.0000 748.0000
514.0000 738.0000
521.0000 727.0000
529.0000 720.0000
534.0000 709.0000
538.0000 702.0000
542.0000 692.0000
546.0000 685.0000
549.0000 676.0000
554.0000 662.0000
557.0000 648.0000
561.0000 634.0000
563.0000 620.0000
564.0000 608.0000
565.0000 596.0000
568.0000 582.0000
569.0000 571.0000
569.0000 564.0000
568.0000 553.0000
562.0000 543.0000
551.0000 527.0000
540.0000 511.0000
528.0000 497.0000
524.0000 488.0000
518.0000 480.0000
511.0000 470.0000
503.0000 457.0000
492.0000 443.0000
477.0000 428.0000
468.0000 418.0000
456.0000 403.0000
445.0000 392.0000
437.0000 384.0000
430.0000 374.0000
422.0000 366.0000
412.0000 355.0000
405.0000 347.0000
398.0000 337.0000
389.0000 323.0000
382.0000 308.0000
375.0000 296.0000
366.0000 281.0000
357.0000 267.0000
355.0000 253.0000
355.0000 243.0000
355.0000 237.0000
355.0000 228.0000
358.0000 214.0000
364.0000 204.0000
370.0000 193.0000
373.0000 187.0000
382.0000 176.0000
390.0000 167.0000
395.0000 164.0000
402.0000 160.0000
410.0000 155.0000
418.0000 151.0000
434.0000 143.0000
446.0000 140.0000
459.0000 136.0000
468.0000 134.0000
485.0000 133.0000
502.0000 129.0000
517.0000 128.0000
529.0000 128.0000
537.0000 128.0000
551.0000 130.0000
584.0000 131.0000
595.0000 132.0000
601.0000 132.0000
619.0000 133.0000
632.0000 133.0000
642.0000 133.0000
655.0000 134.0000
667.0000 134.0000
680.0000 134.0000
693.0000 134.0000
704.0000 136.0000
715.0000 137.0000
730.0000 139.0000
748.0000 139.0000
758.0000 140.0000
765.0000 141.0000
779.0000 145.0000
796.0000 150.0000
812.0000 153.0000
821.0000 160.0000
834.0000 166.0000
846.0000 171.0000
854.0000 176.0000
862.0000 182.0000
870.0000 186.0000
879.0000 192.0000
892.0000 203.0000
898.0000 209.0000
908.0000 221.0000
912.0000 227.0000
917.0000 234.0000
921.0000 244.0000
923.0000 248.0000
928.0000 258.0000
934.0000 270.0000
938.0000 278.0000
943.0000 290.0000
947.0000 299.0000
950.0000 309.0000
951.0000 314.0000
951.0000 320.0000
